{"Back": {"t_vec": {"cols": 1, "rows": 3, "data": [[-2.549473153135604], [0.5908687395119703], [-15.01841459989843]], "dt": "d", "type_id": "opencv-matrix"}, "cameraMatrix": {"cols": 3, "rows": 3, "data": [[1712.4400746045444, 0.0, 480.88930631303884], [0.0, 1698.1293428947704, 572.93740065063], [0.0, 0.0, 1.0]], "dt": "d", "type_id": "opencv-matrix"}, "distCoeffs": {"cols": 14, "rows": 1, "data": [[-0.37053469591264865, 0.244991065282028, -0.03852661119004006, 0.010844114881704968, -0.21036984491723174, 0.0, 0.0, 0.0, 0.0, 0.0, 0.0, 0.0, 0.11318558780517338, 0.027476600843427873]], "dt": "d", "type_id": "opencv-matrix"}, "rot_vec": {"cols": 1, "rows": 3, "data": [[-1.3159042244909673], [1.5172923587038214], [1.3134388478823633]], "dt": "d", "type_id": "opencv-matrix"}}, "Front": {"t_vec": {"cols": 1, "rows": 3, "data": [[0.10382372596619938], [-0.14716949331692028], [0.15065698208779793]], "dt": "d", "type_id": "opencv-matrix"}, "cameraMatrix": {"cols": 3, "rows": 3, "data": [[1725.161683760928, 0.0, 522.7523735832962], [0.0, 1672.1595967183375, 644.3676635889534], [0.0, 0.0, 1.0]], "dt": "d", "type_id": "opencv-matrix"}, "distCoeffs": {"cols": 14, "rows": 1, "data": [[-0.25838293225860837, -0.31165991613565697, -0.0684269214443039, -0.008870756872756359, 0.5424955031580441, 0.0, 0.0, 0.0, 0.0, 0.0, 0.0, 0.0, 0.20466927985480016, -0.022862402661908643]], "dt": "d", "type_id": "opencv-matrix"}, "rot_vec": {"cols": 1, "rows": 3, "data": [[1.238053751984631], [-1.184388094428733], [1.152964191803858]], "dt": "d", "type_id": "opencv-matrix"}}}