{"cameras": [{"cameraMatrix": {"data": [1142.264438984523, 0.0, 640.181110452677, 0.0, 1151.5293592742173, 578.1467606715097, 0.0, 0.0, 1.0], "cols": 3, "dt": "d", "rows": 3, "type_id": "opencv-matrix"}, "cameraName": "argus_cam_0", "distCoeffs": {"data": [-0.21295939273311323, 0.1413651590547572, -0.011003514687334112, -0.0006946945530604959, -0.0698222051778331, 0.0, 0.0, 0.0, 0.0, 0.0, 0.0, 0.0, 0.057348963956823484, -0.00802866662775829], "cols": 14, "dt": "d", "rows": 1, "type_id": "opencv-matrix"}, "rot_vec": {"data": [1.4524600823396197, -0.5361252791971323, 0.7175079669700555], "cols": 1, "dt": "d", "rows": 3, "type_id": "opencv-matrix"}, "cameraCenter": 2.4085543677521746, "t_vec": {"data": [0.08712295265471039, -0.09724230081171052, -0.03014143196452196], "cols": 1, "dt": "d", "rows": 3, "type_id": "opencv-matrix"}}, {"cameraMatrix": {"data": [1139.7698071835875, 0.0, 556.8702476418695, 0.0, 1152.2820117677118, 555.7424583300055, 0.0, 0.0, 1.0], "cols": 3, "dt": "d", "rows": 3, "type_id": "opencv-matrix"}, "cameraName": "argus_cam_1", "distCoeffs": {"data": [-0.1971417279148912, 0.06527929406781656, -0.0007316053567077606, 0.009120201071569127, 0.0017484002298975877, 0.0, 0.0, 0.0, 0.0, 0.0, 0.0, 0.0, 0.0009553321921153826, 0.050808144302178476], "cols": 14, "dt": "d", "rows": 1, "type_id": "opencv-matrix"}, "rot_vec": {"data": [0.6278485643823222, -1.6200105213309015, 1.7183672049439205], "cols": 1, "dt": "d", "rows": 3, "type_id": "opencv-matrix"}, "cameraCenter": 3.8746309394274117, "t_vec": {"data": [-0.0998198666821121, -0.06836596279411529, -0.03933998032200533], "cols": 1, "dt": "d", "rows": 3, "type_id": "opencv-matrix"}}, {"cameraMatrix": {"data": [1139.1529093713848, 0.0, 590.5791339890458, 0.0, 1149.9940842766082, 567.2114874288685, 0.0, 0.0, 1.0], "cols": 3, "dt": "d", "rows": 3, "type_id": "opencv-matrix"}, "cameraName": "argus_cam_2", "distCoeffs": {"data": [-0.22228490501854, 0.21311575051794185, -0.007202577916149737, 0.0012324187359082, -0.18635693665306394, 0.0, 0.0, 0.0, 0.0, 0.0, 0.0, 0.0, 0.03708274385461504, 0.008480016878141835], "cols": 14, "dt": "d", "rows": 1, "type_id": "opencv-matrix"}, "rot_vec": {"data": [1.1106003974449028, -1.1123310293950461, 1.264672000099241], "cols": 1, "dt": "d", "rows": 3, "type_id": "opencv-matrix"}, "cameraCenter": 3.141592653589793, "t_vec": {"data": [0.04545882250697542, -0.11609304639185927, 0.045476764866702546], "cols": 1, "dt": "d", "rows": 3, "type_id": "opencv-matrix"}}], "numCameras": 3}